Temps,x,y,z
0.0 0 0 0
0.0105033 0.00019353942610993193 4.4688453653511285e-05 9.569270271074233e-05
0.0210066 0.00039837892371976465 9.642291459837079e-05 0.00018374351037376782
0.0315099 0.0006160124369375705 0.00015545100004383662 0.00026440422681618295
0.0420132 0.0008457218697889389 0.00022133525255248838 0.0003379638886325195
0.0525166 0.0010871505177967701 0.0002933871861132731 0.0004041878336803581
0.0630199 0.0013400378981671427 0.0003709781310870842 0.0004627940383133306
0.0735232 0.001604980540880113 0.00045394779175298686 0.0005142702295011158
0.0840265 0.0018844835216877168 0.0005430018779847617 0.0005589054438382456
0.0945298 0.002178274462211366 0.0006381692796519479 0.0005961960736705072
0.105033 0.0024843653347427714 0.0007394490016096212 0.0006253947436372845
0.115536 0.002800317942258693 0.000848932071900972 0.0006472979773895408
0.12604 0.003123329855966631 0.0009697027400069147 0.0006645407975409315
0.136543 0.0034530300624923613 0.0011026995375467313 0.0006783416375701392
0.147046 0.003790992419356668 0.0012471575352162832 0.0006881661688119385
0.15755 0.004138513268588846 0.0014029971999367436 0.0006929045354951904
0.168053 0.004496880009147438 0.0015706056493924939 0.0006911443804674013
0.178556 0.0048673591274194785 0.0017499517792302606 0.0006825894192722538
0.18906 0.005249826631941151 0.0019421894107853911 0.0006672999168556872
0.199563 0.005643145013495024 0.002149890005594045 0.0006448579402655212
0.210066 0.006042072048690735 0.002375324382998465 0.000615703892264747
0.22057 0.006443439640278397 0.0026216534283639886 0.000581010168017802
0.231073 0.0068549956199253715 0.0028922554310910602 0.0005411793970389243
0.241576 0.007280483810995269 0.0031917457921014545 0.0004972978559915634
0.252079 0.007710829562006974 0.0035289350735327393 0.00044942732016075936
0.262583 0.008143713922298202 0.003911682137493445 0.0003953750693508406
0.273086 0.008590629916499377 0.004345642000222681 0.0003378173849529706
0.283589 0.009080290914835447 0.004881467185617639 0.00028592281827663485
0.294093 0.009628061697386659 0.0056177610080298465 0.00023760607696733752
0.304596 0.010197951986479208 0.006638275324951225 0.0001815736898071182
0.315099 0.010760047319476797 0.008014275024386935 0.00011546137507152023
0.325603 0.011312323945516048 0.009808983803795536 4.1226105496324636e-05
0.336106 0.011834785922251326 0.012108593329279363 -3.2525703980746884e-05
0.346609 0.012286470971424442 0.015038825428674855 -0.00010578393912054622
0.357113 0.012621894878969621 0.01870795142379619 -0.00019208565985940067
0.367616 0.012799458173234914 0.02321833759238412 -0.0002794132060025511
0.378119 0.01280578752946191 0.02864998719234846 -0.00034003763421759745
0.388623 0.01266500072786713 0.035022666353161994 -0.00036583721926415055
0.399126 0.012403069367141513 0.042345160464551314 -0.0003534425020324006
0.409629 0.012032073446642248 0.05064107510110238 -0.0002974052769930287
0.420132 0.011565949084578833 0.05992647569788081 -0.0002034921566915104
0.430636 0.011029407022684474 0.07020284998617604 -8.480888480927716e-05
0.441139 0.010451135023599158 0.0814470920966702 5.053710049521761e-05
0.451642 0.009847125105939986 0.09361934079699841 0.00019686935777054164
0.462146 0.00921761311170954 0.10666836198932908 0.00033617118417075646
0.472649 0.008570303804165685 0.12054328946127091 0.0004390052290068496
0.483152 0.007917283546314642 0.13517921514307132 0.0005385929613925926
0.493656 0.007255876537974773 0.1505113307428073 0.0006921232998759082
0.504159 0.006597260058232129 0.16650970324419204 0.0008705196659717254
0.514662 0.005985296602984675 0.18310575030574266 0.0010565810551199024
0.525166 0.005465220273050823 0.2001792469843054 0.0012667391900813211
0.535669 0.005056030495042983 0.21759839108913526 0.001488289295198027
0.546172 0.004769025180136933 0.23521892916040166 0.0016908208096200865
0.556675 0.004627413082296188 0.25291644438408994 0.0018233649864516598
0.567179 0.004642997306392904 0.27060842139218055 0.0018401684376362633
0.577682 0.00479854983971752 0.28821923672317973 0.0017191499181141022
0.588185 0.005058550103835358 0.3057019639802597 0.0014536154889909678
0.598689 0.005392540586585546 0.32305246336166404 0.0010745002036025907
0.609192 0.005803453741127109 0.34025555028202903 0.0006579693331459013
0.619695 0.006318732167487674 0.3572751561128839 0.0002902105254153294
0.630199 0.006970410843235175 0.3740616167753145 2.8710886314177095e-05
0.640702 0.007784108192256363 0.3904974959137235 -8.512620442142229e-05
0.651205 0.008781795928857597 0.40647655625218415 -4.4652018895373776e-05
0.661709 0.009976963657904209 0.42198071967150125 7.936163625877469e-05
0.672212 0.011332647735351474 0.4369745405981322 0.0002381355562349454
0.682715 0.012787328218036407 0.45141672345371114 0.0004159246047594861
0.693219 0.014296866655981838 0.4652975771047395 0.0006005270927333379
0.703722 0.015801096831351162 0.4785926033725937 0.0008159037084506497
0.714225 0.01721468808399663 0.49126747533215875 0.0010596568904425979
0.724728 0.01846646282018213 0.5032617858554888 0.001302053697610888
0.735232 0.019519915634782465 0.5145318640908103 0.0015303513124440035
0.745735 0.0203717094719022 0.5250908124654785 0.0017467718196638223
0.756238 0.021019462006324506 0.5349595100607659 0.0019462081838574734
0.766742 0.02145506272237069 0.544115477710809 0.002106087646464652
0.777245 0.02170571019032775 0.5524950299524289 0.0022146270178723354
0.787748 0.02184094157881372 0.5600389181851171 0.0022902489110164163
0.798252 0.021963538782811633 0.5667323877041244 0.0023775776609859358
0.808755 0.022168232232120003 0.5725904479032085 0.0024780544264815835
0.819258 0.022495386588930723 0.5776612337221061 0.002533927980887735
0.829762 0.02295528234198392 0.5819799086791306 0.0025523925722788355
0.840265 0.023542789076553536 0.5855140025078477 0.0026119550049995286
0.850768 0.024237925300034956 0.5882869647605987 0.002736571700574742
0.861272 0.02502969893049755 0.5903976083871808 0.002883165600042345
0.871775 0.02590889280576384 0.5918757928537428 0.003037875815841887
0.882278 0.026881701812230825 0.5927029510890993 0.003245180715911925
0.892781 0.028012015769851514 0.5929150556139202 0.0035396079962869355
0.903285 0.029391246388216392 0.5925911489139505 0.003915071650648563
0.913788 0.031089116387508445 0.5918035559565805 0.004350358701169571
0.924291 0.033154624327381595 0.5906365784159298 0.004814804712981541
0.934795 0.03563770098160261 0.5892093002609348 0.005267499430520873
0.945298 0.03860985997201705 0.5876282729677608 0.005676086242970585
0.955801 0.04215607929375632 0.5859584648008649 0.006032112966991635
0.966305 0.046377954243303786 0.5842600552023542 0.006329839823503106
0.976808 0.051383725645414026 0.582586573367609 0.006558158691198965
0.987311 0.05723989146639407 0.5809571868427985 0.00673244396444844
0.997815 0.06396968692198929 0.5793702236943636 0.006905421245013452
1.00832 0.07160762959481787 0.5777988913316732 0.007161812493134064
1.01882 0.08019957368900138 0.5762456038584288 0.007560355212473769
1.02932 0.0897550898105673 0.5747852812535316 0.008085985786729095
1.03983 0.10024371691888949 0.5734754681049855 0.008686441586905125
1.05033 0.11159115290925287 0.5723510122642859 0.009302179448393996
1.06083 0.12374353763699866 0.5714440477573708 0.009894005937923491
1.07134 0.1366517513533256 0.5707497605439642 0.01045191810135102
1.08184 0.15022219237971887 0.5702391453501218 0.01097995635433906
1.09234 0.16437675497661985 0.5698922564238138 0.011489836907242736
1.10285 0.1790115964611503 0.5697292757261928 0.011996883170035015
1.11335 0.19395043596359846 0.5697791527681825 0.012497695939247225
1.12385 0.20906853343099155 0.5700152214445817 0.012981834973375057
1.13436 0.2242912611811281 0.5703960170747955 0.013500259534092588
1.14486 0.23952408597944116 0.5709182291101924 0.014108470224353966
1.15536 0.25464991691057415 0.5715733874322488 0.014783690788280965
1.16587 0.2694656934424348 0.5723229459142553 0.015487066571497498
1.17637 0.28375424355960277 0.5731404927504068 0.016186875287858043
1.18687 0.2973884761704034 0.5740172296705929 0.016850407543509225
1.19738 0.31020936464035237 0.5749243856247638 0.01746059659783951
1.20788 0.32200749156897523 0.5758367955491975 0.018003615496224222
1.21838 0.3326492993906055 0.5767535125839783 0.01847481030202456
1.22889 0.3420415365048697 0.5776725236616963 0.018885575534540844
1.23939 0.35007793150817246 0.5785991161331772 0.019243184393249728
1.24989 0.3567243369394827 0.5795384789487613 0.019535403073749236
1.2604 0.3620313725211731 0.5804736059271247 0.01974793457589352
1.2709 0.36607998919465584 0.581376045279653 0.019879879716076573
1.2814 0.368990723317396 0.5822208602658409 0.01992366832867525
1.29191 0.37091846932097594 0.5829875970540439 0.019857030378461284
1.30241 0.3720348937869636 0.5836553253578819 0.019678847124718502
1.31291 0.3725995696290836 0.5842118742002544 0.019437793456516347
1.32342 0.37294502082917025 0.5846864011736039 0.01922250306299988
1.33392 0.3732547304705727 0.5851163971008546 0.019110207279681272
1.34442 0.37352075951229513 0.5855043958881523 0.019115189857528282
1.35493 0.373680093363258 0.5858285978843212 0.01918415098605457
1.36543 0.37368164535392795 0.5860398712707491 0.019243669921335124
1.37593 0.37355417941373026 0.5860731673115864 0.019283191359656306
1.38644 0.37339388510673865 0.5858528002389218 0.019332418303740342
1.39694 0.37326520126806095 0.5853158058483069 0.01939394717719507
1.40744 0.37316507081057815 0.5844097807846015 0.01944110130369042
1.41795 0.3730716611891596 0.5830892754233264 0.019437739965448956
1.42845 0.3729800895723543 0.5813342920502187 0.01938235169205285
1.43895 0.37287789402680643 0.5790573223908955 0.01930631434419737
1.44946 0.3727349316594444 0.5761089147498545 0.019228241034372907
1.45996 0.37254461570256897 0.5723763517806539 0.01919719467402597
1.47046 0.3723248439868885 0.5677579469308628 0.01930691268109466
1.48097 0.37205264194046916 0.5621321539719569 0.019528476010676695
1.49147 0.37166779236857866 0.5554245712923633 0.01973316346017893
1.50197 0.37114364328157057 0.5476583469459294 0.019892727713346787
1.51248 0.37051949501608766 0.5388323008237748 0.02003584799769833
1.52298 0.36987113656367954 0.5288846405928386 0.02017173787254973
1.53348 0.3692438911802601 0.5178185492931869 0.020301912586691753
1.54399 0.3686289850959253 0.5057170205473613 0.020421361721002545
1.55449 0.3679559400662138 0.4926563461074323 0.020533574221678112
1.56499 0.3671504210437597 0.4786739144712875 0.020638702807894305
1.5755 0.3662102945465718 0.4638452626999349 0.020720158383728846
1.586 0.3651582766917152 0.4482693087117878 0.020753509995828586
1.5965 0.36399296316236607 0.4319817174899255 0.020733527267218946
1.60701 0.36273375731485646 0.41507985110497414 0.02071936841373399
1.61751 0.36144184401703977 0.3977155041288345 0.020750696356457897
1.62801 0.3601423918059805 0.37990983913772935 0.020791757092847425
1.63852 0.3587982554661088 0.36169576683506555 0.02083376360272622
1.64902 0.357383435810972 0.34321971389505807 0.020868790559824296
1.65952 0.3559121664838426 0.3246116416527097 0.020855242393087992
1.67003 0.3544063585702573 0.30598716945420545 0.02077330204944754
1.68053 0.3528862122644904 0.28744893279843975 0.020653968170369782
1.69103 0.35137387795229347 0.26901958494220896 0.02056478566058265
1.70154 0.34989361425895077 0.2507377270100397 0.020529496207212197
1.71204 0.3484755578362488 0.2327211140612816 0.02051553985493361
1.72254 0.34712381751449173 0.215059090526308 0.020519700257570644
1.73305 0.3458213002897521 0.1978199512179503 0.02054435421118969
1.74355 0.34459846033825003 0.18105587365209933 0.02053400649243527
1.75405 0.3435209551708803 0.16476414876190754 0.02047131475359647
1.76456 0.3426182895603058 0.1489900653515042 0.020382952714822523
1.77506 0.3418820269881636 0.1338347693205351 0.020265182091492268
1.78556 0.34130626033915384 0.11933328533772583 0.020127843119327637
1.79607 0.3408901900588119 0.10549138590615445 0.019981826230178936
1.80657 0.3406347399322746 0.09233675182679282 0.019823251208072854
1.81707 0.3405542129887447 0.07987411322934072 0.019655215005882392
1.82758 0.34067990921130004 0.06812406049914388 0.019478031934921692
1.83808 0.3410303674619926 0.05711718135151442 0.019284351984389776
1.84858 0.34157030771138014 0.04685960563579447 0.019058821008148485
1.85909 0.34222433315458495 0.03735299238024867 0.01880162894531104
1.86959 0.34292667760666995 0.02857312871425119 0.018513314831903285
1.88009 0.3436492401265124 0.02046851989453842 0.018188373938411162
1.8906 0.34437862490550625 0.013005690377820164 0.017837447104051215
1.9011 0.3451117901009486 0.006188250110455041 0.01746243968114264
1.9116 0.3458543716479609 3.097752812443542e-05 0.017050327268774684
1.92211 0.3465961157771034 -0.005430188849905281 0.016601162840207486
1.93261 0.3473191671440782 -0.010141814823788243 0.016123468468948077
1.94311 0.3480203226774354 -0.014097748653886688 0.015619899724479292
1.95362 0.34872956858164245 -0.017351545780573366 0.015103489619658347
1.96412 0.34950260342607214 -0.02000696589012422 0.014584988455623097
1.97462 0.3503782240305717 -0.022163670619640488 0.01405365521775348
1.98513 0.35135547356917435 -0.02387203694051237 0.013504261661734535
1.99563 0.35240731726635144 -0.02517171550028099 0.012945833702048465
2.00613 0.35349257700366093 -0.02611231719564011 0.012379999897903005
2.01664 0.3545675367004178 -0.026736667170121194 0.01180612901887756
2.02714 0.3556052024554023 -0.027056898824707642 0.011232167630440658
2.03764 0.3566100262882067 -0.027096973321134567 0.010657560100669377
2.04815 0.3576034301025464 -0.02694166857854596 0.010083311069828684
2.05865 0.3585760171298083 -0.026686540544035235 0.009519773202365949
2.06915 0.3594267089825776 -0.02632831040173999 0.008958522670443838
2.07966 0.3599835208480962 -0.025797500917142693 0.008377173368510895
2.09016 0.360139380324588 -0.025105070134112298 0.00776343151434733
2.10066 0.35986628128783715 -0.02432923516979738 0.007129131541974388
2.11117 0.3591151412908297 -0.023506015327477894 0.0064861742528566965
2.12167 0.35780578928010137 -0.022634160237937823 0.0058190342579173
2.13217 0.3558680905286305 -0.02173860114917573 0.005112706651018527
2.14268 0.35328880936237533 -0.020872811128341332 0.004372276532310337
2.15318 0.3500830990045769 -0.020087018648496588 0.0036177730254701094
2.16368 0.3461954251260359 -0.01940165325080482 0.002860068333545505
2.17419 0.34150112608524374 -0.01880792381246523 0.0020857148882340655
2.18469 0.33586492762092524 -0.018289485214908308 0.0012827627563430067
2.19519 0.32915358850273885 -0.017823659900691843 0.00045087185249253494
2.2057 0.32128862057871715 -0.017369619558167616 -0.00040682982294665455
2.2162 0.3122958666487035 -0.01689656130794227 -0.0012766302900635456
2.2267 0.30224380561857234 -0.0164158387080824 -0.002138957261639814
2.23721 0.29123371731650466 -0.015964995076160535 -0.0030057874781565025
2.24771 0.27941679171032097 -0.015576019039266763 -0.003908465096049225
2.25821 0.26692732289464466 -0.015252396417400966 -0.004853395000276324
2.26872 0.25387359160548323 -0.014963271198765837 -0.005837375364718261
2.27922 0.24031328880082942 -0.014648623133634889 -0.006861359156236814
2.28972 0.22622700582918304 -0.014192260709594418 -0.007918352976589745
2.30023 0.21164432152395787 -0.0134640309670167 -0.008981996039969431
2.31073 0.19670337463738397 -0.012462185062378579 -0.010024966873513817
2.32123 0.1816046258050675 -0.011299949551330936 -0.011050783159017578
2.33174 0.16664971534300688 -0.010072088738256454 -0.012071994705892514
2.34224 0.15215680947541288 -0.008817666652613661 -0.01308522770631273
2.35274 0.13827186040145129 -0.007565680760061344 -0.014093286199317323
2.36325 0.12504895116028641 -0.006384476682607222 -0.015093776965805508
2.37375 0.1125744043663973 -0.0053437521497947515 -0.016006627494176556
2.38425 0.10088511648676513 -0.004437348718822721 -0.016751360630132012
2.39475 0.08993887059139087 -0.0035766337135662066 -0.01736274646742181
2.40526 0.07966848655090908 -0.0026896926218217218 -0.017890469106429815
2.41576 0.0701951699132323 -0.0018236760204475557 -0.01832178544883607
2.42626 0.06167971710918793 -0.0010552031881013654 -0.0186380642613267
2.43677 0.0541686077512489 -0.00041222389570926585 -0.0188366641464087
2.44727 0.04761812182737699 9.622267705957776e-05 -0.01892463527226579
2.45777 0.0419444271240125 0.0004759494819254461 -0.018916498793207254
2.46828 0.03710135039991997 0.000755241631728585 -0.018834188804703254
2.47878 0.03302817069837794 0.000966574816279606 -0.018689959119761172
2.48928 0.029560650180468332 0.001126763026990151 -0.01849470084990347
2.49979 0.02650318147826606 0.0012363799643753043 -0.01827582604039147
2.51029 0.02372378380615392 0.0012925939649310015 -0.01804816032270022
2.52079 0.021180585164549202 0.0012963803431462228 -0.01779932392509335
2.5313 0.018868365366055437 0.0012497377663682654 -0.01751085069078585
2.5418 0.01674893600341069 0.001162649351756139 -0.017181390513545433
2.5523 0.014789194155773365 0.0010453553874910362 -0.016823885568889394
2.56281 0.013011013234223108 0.0009030926262557182 -0.016451661336382144
2.57331 0.011467694341070693 0.0007533427490357611 -0.016067227349342544
2.58381 0.01019827088280077 0.0006201988382253341 -0.01566539902051234
2.59432 0.009207390124584783 0.0005129040616191305 -0.015251215117162086
2.60482 0.00844726378084983 0.00044155282007885465 -0.014832331007248333
2.61532 0.0078132319976223 0.00040965239232310216 -0.014410743643668959
2.62583 0.0072290863561108 0.0003939141483893977 -0.013981717077074704
2.63633 0.006691686229276242 0.0003769384880747967 -0.013534708941511783
2.64683 0.006228430234524107 0.0003564336657822194 -0.01307001678228324
2.65734 0.00585728876965112 0.0003322886953283742 -0.012602277519485484
2.66784 0.0055799497090239574 0.00029532332378694865 -0.012150776725473395
2.67834 0.0054061656437792175 0.00022959179903004698 -0.011726169014670683
2.68885 0.0053413399347468395 0.0001287371100884011 -0.011321562989407426
2.69935 0.005370480143294571 -6.58687415084857e-06 -0.010926098046421168
2.70985 0.005452049693537226 -0.00016741462342494934 -0.010535692001019286
2.72036 0.005543447323590357 -0.0003345224378637061 -0.010157186842310779
2.73086 0.005633561288560485 -0.0004953099622975552 -0.009795365283400352
2.74136 0.005696595189288037 -0.0006407906870281308 -0.009437356521449303
2.75187 0.005699426315887401 -0.0007559115126277735 -0.009075767362413795
2.76237 0.005646198263992423 -0.0008396367206582008 -0.008718537034729185
2.77287 0.005534751027604871 -0.0009020623992791006 -0.008364377521503968
2.78338 0.005346905364579041 -0.0009514390335745956 -0.00800990492826471
2.79388 0.0050874607082389625 -0.0010035308486558438 -0.007661390915355947
2.80438 0.004774581193718808 -0.0010682213054788183 -0.007320509861906561
2.81489 0.004416330590816687 -0.0011293758006197894 -0.006987576472302301
2.82539 0.004024481038176506 -0.0011650188326759122 -0.006662848625119369
2.83589 0.0036250307220437486 -0.0011733036568225116 -0.006342000000520815
2.8464 0.003236031500737661 -0.001163688346961769 -0.006024029273225804
2.8569 0.0028627315221598764 -0.001143697555255967 -0.005712548318618704
2.8674 0.0025053355012770156 -0.0011189871996843913 -0.005410197242845981
2.87791 0.0021621501031083862 -0.001092174545145002 -0.005116944392225719
2.88841 0.0018336263039104982 -0.0010629806668360248 -0.00483132692964445
2.89891 0.0015211796927200336 -0.001033228710136274 -0.0045518780308975585
2.90942 0.0012272623441945377 -0.0010085909239529879 -0.004279786640849296
2.91992 0.000953629642914046 -0.0009904793551070853 -0.004016803681943858
2.93042 0.0006984786270159776 -0.0009711704260016591 -0.0037614492724977982
2.94093 0.0004617420542892902 -0.0009438326895811238 -0.0035132932502117842
2.95143 0.000244555074993686 -0.0009091780667980445 -0.003272832374107168
2.96193 4.322257870551473e-05 -0.0008717505754241929 -0.003039583302461939
2.97244 -0.00014279923806971353 -0.0008349968938390349 -0.0028192844998939245
2.98294 -0.00030631821163291186 -0.0007976712932433316 -0.0026166899382901497
2.99344 -0.0004446245443761869 -0.0007564262563049798 -0.002423151112395752
3.00395 -0.0005611644093275317 -0.0007104654405798742 -0.0022320414765597367
3.01445 -0.0006577369746258338 -0.0006625860151451208 -0.0020456835696567935
3.02495 -0.0007349493549792126 -0.0006155672929364687 -0.0018645289878382275
3.03546 -0.000793690272206749 -0.0005685761678019757 -0.001687400537173211
3.04596 -0.0008355141811176548 -0.000520980296903722 -0.0015140206404210992
3.05646 -0.0008615083305836373 -0.0004749668927084446 -0.0013442889925033648
3.06697 -0.0008696211559008652 -0.0004303820908225115 -0.0011790531298868474
3.07747 -0.0008558613281468749 -0.0003840112380255825 -0.0010201698855855671
3.08797 -0.0008196603791979612 -0.00033418699575662986 -0.0008681558438686643
3.09848 -0.0007637610338952057 -0.0002809065511206975 -0.0007226860995411461
3.10898 -0.0006891935333113191 -0.00022649845161084328 -0.0005840212123156975
3.11948 -0.0005949565138450091 -0.00017531843511021537 -0.00045217674204962605
3.12999 -0.0004791224294080202 -0.00012876760093352875 -0.00032766093124985676
3.14049 -0.00034025784617173734 -8.480636040762417e-05 -0.0002114075072252394
3.15099 -0.00017967808286552394 -4.1887292127194126e-05 -0.00010260926453499484
3.1615 -1.5081252219273367e-16 -3.8079213176764326e-16 2.5207700510287978e-17
